2
2
16
16
16
16
5
5
5
5
5
5
21
21
11
21
11
21
21
21
24
24
24
24
24
24
24
11
11
8
8
8
8
9
9
9
24
24
24
24
11
11
25
25
25
11
25
25
25
21
21
21
18
18
18
18
16
16
16
5
5
5
5
24
24
12
12
12
9
9
9
9
21
9
16
16
16
9
9
20
20
20
9
21
21
14
14
17
17
18
18
11
23
23
23
19
19
19
19
19
19
19
19
22
17
17
22
17
17
22
17
17
12
12
11
11
21
21
21
17
17
17
24
6
2
2
6
6
2
2
2
9
9
9
12
9
24
6
6
24
3
24
3
3
11
11
11
17
17
17
13
13
15
15
16
16
6
6
6
11
11
11
24
24
6
6
6
6
5
5
5
18
18
18
23
23
23
23
3
3
19
19
19
3
3
3
22
22
22
10
22
19
19
19
10
11
11
11
22
22
7
7
7
5
5
5
5
5
24
24
24
24
24
17
17
17
17
1
1
1
1
16
16
19
19
17
17
8
8
8
8
16
18
2
23
23
2
11
11
4
4
4
9
9
11
11
20
20
20
20
23
23
11
9
9
9
9
17
17
6
6
10
10
10
10
18
7
7
7
7
26
26
26
26
26
26
26
15
15
22
22
10
10
10
18
24
24
24
3
17
17
17
1
24
24
24
24
11
11
9
26
26
17
17
17
17
24
24
24
24
26
26
20
20
25
20
25
25
25
17
17
2
2
2
2
2
14
14
14
18
18
18
21
21
24
24
21
21
21
21
26
26
11
11
24
24
26
21
17
17
17
5
24
4
4
21
2
2
2
3
3
2
3
3
19
4
12
19
14
14
17
21
21
1
4
1
26
16
26