2
2
22
22
22
26
26
15
15
15
10
15
15
27
5
18
35
2
2
15
10
10
10
12
12
12
12
12
12
12
12
12
12
12
12
12
12
12
12
12
12
6
35
15
15
18
18
11
11
37
38
6
8
5
23
23
22
22
22
22
8
8
37
22
26
5
9
16
16
16
38
38
10
2
2
11
11
4
4
4
30
16
37
37
38
2
37
35
21
21
9
16
10
5
6
5
21
17
17
17
17
17
39
8
8
35
39
37
9
28
9
9
9
11
11
14
14
7
27
11
2
37
1
14
17
17
23
7
6
5
1
29
29
5
3
14
14
22
22
18
18
15
37
9
41
36
16
24
1
1
8
11
38
28
36
36
1
1
20
20
37
15
38
25
18
14
37
5
5
14
14
11
5
39
33
33
5
2
1
1
1
8
8
5
16
17
41
16
16
16
16
1
22
22
22
22
6
5
5
5
5
5
5
5
6
6
5
5
23
20
20
23
35
15
1
2
18
38
2
2
2
2
2
2
2
2
2
2
2
11
24
1
5
20
20
20
20
20
20
20
20
20
20
20
20
11
15
15
2
15
8
14
21
32
41
7
5
1
9
10
10
11
1
11
15
15
15
15
40
18
5
29
18
18
18
5
5
1
1
24
5
22
37
37
1
23
22
16
38
1
5
5
5
15
5
8
8
2
16
16
39
27
21
21
21
22
10
2
2
2
2
2
2
2
2
2
2
2
11
20
8
8
18
17
15
10
10
10
9
9
14
40
15
11
18
18
14
14
14
14
3
2
1
1
1
1
1
1
1
1
1
1
1
17
17
28
9
9
15
15
15
11
15
36
38
15
37
11
8
21
11
17
37
37
15
9
8
8
8
8
8
8
8
8
8
8
8
8
8
8
8
8
8
8
8
8
8
8
8
5
10
5
1
5
17
39
15
15
22
27
28
29
22
5
2
2
10
11
16
5
27
15
36
11
35
5
5
13
18
18
15
38
38
38
35
7
14
14
14
14
5
15
11
11
11
4
18
18
18
2
5
15
15
7
28
23
22
5
5
2
35
18
31
31
5
24
15
16
2
23
13
32
7
16
16
9
16
9
9
2
16
23
3
4
5
11
5
15
15
26
7
7
41
5
37
24
15
4
15
15
15
15
15
15
15
15
15
32
16
16
15
1
24
36
9
5
2
2
36
24
22
3
5
5
10
15
5
11
26
15
15
4
22
36
5
10
16
7
10
4
16
24
5
5
5
12
36
11
7
16
16
16
23
3
3
15
5
4
15
28
32
35
5
5
20
15
15
5
5
15
15
22
5
15
5
1
5
28
28
18
17
4
16
3
5
5
22
22
12
24
12
24
18
6
37
16
24
24
3
20
5
37
15
2
23
2
22
35
15
14
7
5
38
7
25
36
7
18
17
7
5
1
22
5
27
22
5
16
8
2
21
20
8
22
22
22
22
20
39
20
17
24
7
38
26
2
23
7
22
15
2
27
9
8
38
5
1
18
15
7
18
15
17
16
5
33
15
16
1
24
22
30
15
24
15
2
18
27
16
30
1
1
1
23
35
22
7
17
5
5
16
22
1
37
5
24
2
2
23
15
15
31
5
10
11
5
5
15
17
17
16
22
1
16
5
16
30
25
22
8
15
12
12
10
14
11
32
5
23
15
24
2
5
10
2
18
28
29
23
15
21
8
24
2
5
7
16
16
24
5
21
6
37
11
15
22
40
11
42
32
18
8
22
35
2
15
3
19
17
28
17
39
8
39
22
2
6
10
16
16
16
1
7
24
29
12
24
35
25
5
5
5
25
24
18
11
18
2
2
16
16
5
5
22
15
15
21
29
21
23
27
4
33
5
1
22
14
5
16
18
6
25
5
15
1
10
22
15
39
5
15
32
22
15
7
5
5
7
18
1
5
8
17
5
5
22
2
11
4
22
5
1
2
8
18
16
15
1
10
33
14
6
3
22
29
22
23
23
8
8
34
1
2
16
5
32
31
16
12
20
22
10
22
14
22
10
33
10
33
39
10
39
39
15
10
11
39
11
23
22
14
22
5
1
2
2
24
1
6
5
5
16
15
15
14
12
2
6
6
11
24
22
15
10
21
11
20
20
22
18
20
20
37
18
36
17
5
17
5
7
5
42
7
8
24
10
24
8
7
23
37
15
16
12
36
6
15
15
16
5
7
5
10
20
12
5
30
15
16
16
6
33
16
15
6
10
11
20
14
24
13
11
22
11
36
8
23
23
23
9
22
33
5
22
22
7
15
12
15
16
5
22
2
7
23
