1 10
1 17
1 65
1 71
1 84
1 73
1 54
1 83
1 38
1 26
1 56
1 45
2 39
2 27
2 96
2 4
2 113
2 44
2 109
2 73
2 92
2 16
2 75
2 53
3 107
3 29
3 53
3 72
3 86
3 110
3 36
3 12
3 48
3 63
3 104
3 93
4 6
4 40
4 5
4 53
4 34
4 79
4 101
4 104
4 37
4 77
4 87
5 76
5 89
5 23
5 82
5 74
5 15
5 31
5 13
5 6
5 12
6 96
6 85
6 101
6 13
6 52
6 65
6 28
6 29
6 48
6 105
7 115
7 67
7 8
7 45
7 10
7 69
7 73
7 88
7 52
7 76
7 60
7 98
8 9
8 41
8 29
8 32
8 34
8 78
8 18
8 108
8 15
8 75
8 72
9 79
9 28
9 34
9 42
9 111
9 85
9 93
9 58
9 115
9 11
10 70
10 26
10 68
10 32
10 36
10 82
10 64
10 46
10 44
11 71
11 56
11 17
11 77
11 41
11 12
11 21
11 73
11 20
12 65
12 53
12 24
12 111
12 28
12 113
12 106
13 89
13 94
13 15
13 18
13 54
13 106
13 100
13 111
14 75
14 60
14 84
14 107
14 37
14 47
14 105
14 88
14 20
14 90
14 59
15 27
15 99
15 47
15 100
15 68
15 38
15 52
16 48
16 97
16 66
16 81
16 18
16 83
16 22
16 109
16 21
16 20
16 78
17 49
17 41
17 51
17 76
17 61
17 34
17 31
17 39
17 19
18 63
18 94
18 32
18 112
18 40
18 99
18 83
18 87
19 39
19 66
19 65
19 43
19 69
19 56
19 102
19 97
19 72
19 73
20 90
20 28
20 63
20 92
20 100
20 51
20 96
20 74
21 63
21 92
21 54
21 67
21 103
21 33
21 56
21 61
21 107
22 63
22 52
22 91
22 75
22 82
22 96
22 99
22 38
22 70
22 30
23 86
23 61
23 32
23 55
23 42
23 34
23 29
23 58
23 50
23 109
24 51
24 57
24 33
24 110
24 89
24 114
24 54
24 37
24 106
24 87
25 62
25 78
25 110
25 102
25 55
25 77
25 109
25 50
25 99
25 45
26 72
26 74
26 71
26 112
26 83
26 79
26 107
26 91
26 73
27 42
27 94
27 87
27 83
27 48
27 105
27 84
27 37
28 56
28 104
28 74
28 73
28 108
28 106
28 70
29 30
29 113
29 46
29 33
29 51
30 100
30 60
30 88
30 115
30 47
30 66
30 86
30 55
30 42
31 36
31 110
31 33
31 114
31 46
31 84
31 43
31 37
31 94
32 77
32 62
32 98
32 54
32 85
32 44
32 107
33 59
33 88
33 115
33 73
33 51
33 87
33 84
34 81
34 78
34 91
34 40
34 61
35 113
35 40
35 80
35 49
35 77
35 102
35 39
35 111
35 47
35 55
35 76
36 45
36 38
36 57
36 37
36 61
36 80
36 100
36 95
37 96
37 85
38 113
38 76
38 94
38 54
38 74
38 89
38 86
39 78
39 93
39 70
39 57
39 97
39 90
39 91
40 67
40 112
40 78
40 61
40 62
40 95
40 69
41 91
41 109
41 96
41 45
41 92
41 78
41 69
41 82
42 52
42 66
42 112
42 84
42 70
42 77
43 72
43 55
43 90
43 47
43 66
44 108
44 101
44 96
44 94
44 52
44 75
44 90
44 80
45 112
45 95
45 96
45 97
45 50
45 113
46 90
46 89
46 93
46 72
46 80
46 79
46 83
46 87
47 68
47 70
47 105
47 93
47 114
47 60
48 71
48 57
48 88
48 50
48 95
48 106
48 53
49 50
49 87
49 68
49 70
49 111
49 67
49 65
49 76
49 95
50 54
50 89
50 67
50 82
50 113
50 102
51 72
51 111
51 65
51 67
52 56
52 61
52 101
52 97
52 109
53 77
53 56
53 79
53 54
53 111
54 97
54 101
54 66
54 99
55 103
55 66
55 89
55 88
55 111
56 65
56 88
56 74
56 100
57 106
57 58
57 82
57 85
57 94
57 104
58 114
58 74
58 88
58 82
58 69
58 115
58 71
59 69
59 82
59 88
59 89
59 111
59 61
59 114
59 92
60 72
60 95
60 85
60 63
61 85
61 78
61 81
62 92
62 69
62 88
62 107
62 67
62 63
62 75
62 66
63 105
63 110
63 84
63 98
64 110
64 79
64 106
64 101
64 90
64 95
64 91
64 84
65 70
65 80
65 90
65 76
66 105
66 103
66 78
67 105
67 81
67 98
67 88
68 115
68 101
68 95
68 79
68 76
68 71
68 113
68 74
69 91
69 103
69 93
69 106
70 109
70 110
70 83
71 111
71 96
71 81
71 107
71 105
72 108
72 92
73 107
73 99
73 104
74 93
74 115
74 87
75 85
75 107
75 86
75 115
75 100
76 99
76 101
77 86
77 105
77 92
77 79
78 98
78 89
79 103
79 97
79 90
80 101
80 91
80 113
80 106
80 112
80 108
81 89
81 86
81 103
81 98
81 90
81 102
82 97
82 91
82 105
83 115
83 87
83 110
83 98
84 103
84 102
84 100
85 109
85 99
85 93
86 102
86 114
87 107
87 114
89 109
89 104
90 107
92 108
92 105
92 95
93 106
93 104
93 108
94 95
94 110
94 103
96 100
97 99
97 112
98 108
99 102
99 112
100 108
101 104
101 111
102 114
102 110
103 104
103 112
104 108
105 112
109 115
110 114
112 114
113 115
