1 2
2 123
2 124
2 125
2 126
2 127
2 128
2 129
2 130
3 4
3 5
4 5
4 71
4 73
4 74
4 75
4 76
4 77
4 78
4 79
4 80
4 81
4 82
4 83
4 84
6 7
6 8
6 9
6 10
6 11
6 12
6 13
7 38
7 133
7 11
7 8
7 206
7 58
7 205
7 10
7 134
7 304
7 12
7 204
7 352
8 168
8 38
8 11
8 205
8 206
8 10
8 170
8 12
9 58
9 59
9 60
9 61
9 62
9 10
9 63
9 13
10 11
10 13
10 12
11 168
11 170
11 12
14 15
14 16
14 17
14 18
14 19
14 20
15 92
15 151
15 160
15 298
15 300
15 114
15 161
15 162
15 145
15 299
15 153
15 343
15 17
15 18
15 19
15 16
15 20
15 344
16 333
16 52
16 339
16 348
16 79
16 73
16 20
16 118
16 338
16 334
16 372
16 373
17 160
17 161
17 162
17 18
17 19
18 19
21 22
21 23
21 24
21 25
21 26
21 27
22 37
22 41
22 27
22 64
22 23
22 137
22 163
22 38
22 40
22 294
22 123
22 286
22 39
22 140
22 42
22 24
22 307
22 308
22 164
22 295
22 296
22 297
22 43
22 44
22 207
22 142
22 309
22 209
22 210
22 65
22 310
22 211
22 212
23 27
23 24
23 25
23 26
24 27
24 26
24 335
24 336
24 25
28 29
28 30
28 31
28 32
28 33
29 228
29 231
29 30
29 229
29 230
30 31
30 228
30 231
30 33
30 52
30 32
30 340
30 229
30 230
30 118
31 32
31 33
32 33
34 35
34 36
35 36
35 132
37 38
37 39
37 40
37 41
37 42
37 43
37 44
38 41
38 137
38 165
38 40
38 39
38 140
38 42
38 43
38 44
38 166
38 124
38 167
38 204
38 205
38 206
38 207
38 142
38 208
38 169
38 209
38 210
38 211
38 212
39 41
39 64
39 137
39 163
39 40
39 286
39 123
39 210
39 43
39 164
39 211
39 142
39 42
39 44
39 207
39 209
39 65
39 310
40 41
40 235
40 237
40 94
40 123
40 286
40 42
40 43
40 44
40 287
40 288
40 236
41 42
41 43
41 44
41 64
41 65
42 43
42 44
43 44
45 46
45 47
45 48
45 49
45 50
46 47
46 194
46 197
46 49
46 145
46 195
46 48
46 50
46 146
46 196
46 198
47 48
47 49
47 50
48 49
48 50
49 50
49 317
49 318
49 319
49 320
51 52
52 117
52 73
52 118
52 79
52 337
52 338
52 339
52 119
52 340
53 54
53 55
53 56
53 57
54 56
54 171
54 57
54 91
54 55
54 232
54 73
54 118
54 90
54 172
54 219
55 56
55 57
55 266
56 90
56 91
56 57
57 232
57 233
58 108
58 120
58 122
58 111
58 110
58 215
58 222
58 112
58 223
58 258
58 259
58 224
58 321
58 121
58 89
58 272
58 109
58 303
58 225
58 350
58 304
58 351
58 352
58 216
58 217
60 61
60 62
61 62
62 63
64 65
66 67
66 68
67 135
67 73
67 367
67 68
68 367
69 70
69 71
69 72
70 131
70 71
70 133
70 244
70 245
70 132
70 136
70 72
70 134
70 246
70 247
71 74
71 75
71 76
71 77
71 78
71 136
71 83
71 72
72 132
72 245
73 135
73 84
73 278
73 79
73 245
73 356
73 74
73 118
73 272
73 279
74 75
74 79
74 76
74 77
74 78
74 83
75 76
77 78
77 83
79 118
80 82
80 81
81 82
85 86
85 87
86 326
86 329
86 328
86 106
86 369
86 370
86 89
86 87
86 327
87 326
87 329
87 328
87 327
88 89
89 105
89 202
89 290
89 203
89 292
89 291
89 106
89 107
89 365
90 91
90 140
90 172
90 219
93 94
93 95
93 96
93 97
94 235
94 237
94 95
94 96
94 97
94 236
95 96
95 97
96 97
98 99
98 100
98 101
98 102
98 103
98 104
99 137
99 141
99 192
99 102
99 104
99 103
99 100
99 368
99 143
99 181
99 193
99 186
99 365
99 101
100 141
100 102
100 104
100 103
100 365
100 181
100 101
101 102
101 104
101 103
102 103
102 104
103 104
105 106
105 107
106 107
108 109
108 110
108 111
108 112
109 111
109 110
110 111
110 187
110 188
110 189
110 190
110 191
111 112
111 148
111 149
111 150
112 224
112 225
112 226
112 227
113 114
113 115
113 116
114 161
114 162
114 115
114 116
115 116
117 118
117 119
118 248
118 249
118 340
118 119
118 372
118 245
118 356
120 121
120 122
121 122
123 213
123 286
123 125
123 214
123 309
124 158
124 165
124 168
124 128
124 169
124 166
124 125
124 260
124 167
124 261
124 159
124 208
125 129
125 128
125 130
125 127
125 126
126 364
126 359
127 234
127 193
127 357
127 358
128 166
128 167
131 132
131 133
131 134
132 133
132 178
132 134
132 244
132 245
132 252
133 134
137 138
137 139
137 140
137 141
137 142
137 143
138 139
141 179
141 180
141 181
141 182
141 183
141 184
141 185
141 186
141 143
142 210
142 209
144 145
144 146
144 147
145 194
145 238
145 197
145 298
145 300
145 198
145 196
145 162
145 241
145 195
145 299
145 343
145 146
145 147
145 239
146 194
146 238
146 197
146 298
146 198
146 196
146 195
146 239
146 147
148 149
151 152
151 153
151 154
151 155
151 156
151 157
154 155
154 156
155 156
156 157
158 159
160 161
160 162
161 162
162 344
162 299
162 343
163 164
165 166
165 167
165 168
165 169
166 260
166 167
166 261
167 260
167 261
168 169
168 170
171 172
172 285
172 219
173 174
173 175
173 176
174 178
174 176
174 251
174 175
175 176
177 178
178 250
178 251
178 252
179 289
179 182
179 184
179 363
179 180
179 183
179 185
180 289
180 182
180 184
180 185
180 183
180 363
181 192
181 368
181 193
182 183
182 184
182 185
183 289
183 184
183 185
184 185
187 199
187 188
187 280
187 189
187 283
187 201
187 282
187 281
187 191
187 200
188 199
188 280
188 200
188 281
188 282
188 189
188 283
188 191
188 201
189 199
189 280
189 200
189 281
189 282
189 283
189 191
189 201
190 262
190 263
190 264
190 284
190 265
192 193
193 358
194 195
194 196
194 197
194 198
195 253
195 197
195 298
195 198
195 196
195 254
196 197
196 198
197 198
199 200
199 201
200 280
200 283
200 201
200 282
200 281
202 203
203 267
203 268
203 269
203 270
205 206
209 210
211 212
213 214
214 353
215 216
215 217
216 217
218 219
218 220
218 221
219 293
219 221
219 220
220 221
220 374
222 223
224 303
224 304
224 305
224 306
225 226
225 227
225 371
228 229
228 230
228 231
229 231
229 230
230 231
232 330
232 331
232 332
235 236
235 237
236 237
238 239
240 241
240 242
240 243
241 300
241 354
241 366
241 242
241 243
241 355
242 366
242 243
243 354
243 375
243 355
243 376
244 245
245 256
245 257
245 378
245 356
245 379
246 247
248 249
249 313
249 314
249 315
249 316
253 254
253 255
256 257
258 259
262 263
262 264
262 265
263 264
263 284
263 265
264 284
264 265
267 268
267 269
267 270
269 270
271 272
271 273
271 274
271 275
271 276
271 277
272 278
272 274
272 273
272 301
272 311
272 341
272 342
272 277
272 312
272 279
272 275
272 276
272 302
272 377
273 274
273 275
273 276
273 277
274 275
274 276
274 277
275 347
275 277
275 276
276 277
276 312
276 377
278 279
280 281
280 282
280 283
281 283
281 282
282 283
287 288
290 291
290 292
291 292
291 349
294 295
294 296
294 297
295 296
295 297
296 297
298 299
298 300
299 300
299 343
301 302
305 306
307 345
307 346
311 312
312 342
313 314
313 315
313 316
314 315
314 316
315 316
317 320
317 318
317 319
318 320
318 319
319 320
322 323
322 324
322 325
324 359
324 325
324 360
324 361
324 362
326 327
326 328
326 329
327 328
330 331
330 332
331 332
333 334
334 372
334 373
335 336
337 356
338 339
339 348
343 344
345 346
354 355
355 375
359 364
359 362
359 360
359 361
360 362
360 361
361 362
369 370
375 376
378 379
